Degray Reservoir Calibration Data
Param#                            2
Br	RM	JDay	Depth	Temp
			(m)	Deg C
1	150.0	36.5	0.0	7.9
1	150.0	36.5	1.0	7.7
1	150.0	36.5	2.0	7.5
1	150.0	36.5	3.0	7.4
1	150.0	36.5	4.0	7.4
1	150.0	36.5	5.0	7.4
1	150.0	36.5	6.0	7.3
1	150.0	36.5	7.0	7.3
1	150.0	36.5	8.0	7.3
1	150.0	36.5	9.0	7.3
1	150.0	36.5	10.0	7.3
1	150.0	36.5	11.0	7.3
1	150.0	36.5	12.0	7.3
1	150.0	36.5	13.0	7.3
1	150.0	36.5	14.0	7.3
1	150.0	36.5	15.0	7.3
1	150.0	36.5	16.0	7.3
1	150.0	36.5	17.0	7.3
1	150.0	36.5	18.0	7.3
1	150.0	36.5	19.0	7.3
1	150.0	36.5	20.0	7.3
1	150.0	36.5	21.0	7.3
1	150.0	36.5	22.0	7.3
1	150.0	36.5	23.0	7.3
1	150.0	36.5	24.0	7.3
1	150.0	36.5	25.0	7.3
1	150.0	36.5	26.0	7.3
1	150.0	36.5	27.0	7.2
1	150.0	36.5	28.0	7.2
1	150.0	36.5	29.0	7.2
1	150.0	36.5	30.0	7.0
1	150.0	36.5	31.0	6.9
1	150.0	36.5	32.0	6.9
1	150.0	36.5	33.0	6.8
1	150.0	36.5	34.0	6.8
1	150.0	36.5	35.0	6.8
1	150.0	36.5	36.0	6.8
1	150.0	36.5	37.0	6.7
1	150.0	36.5	38.0	6.7
1	150.0	36.5	39.0	6.7
1	150.0	36.5	40.0	6.7
1	150.0	36.5	41.0	6.7
1	150.0	36.5	42.0	6.7
1	150.0	36.5	43.0	6.6
1	150.0	36.5	44.0	6.6
1	150.0	36.5	45.0	6.6
1	150.0	36.5	46.0	6.6
1	150.0	50.5	0.0	7.3
1	150.0	50.5	1.0	7.2
1	150.0	50.5	2.0	7.0
1	150.0	50.5	3.0	6.8
1	150.0	50.5	4.0	6.8
1	150.0	50.5	5.0	6.8
1	150.0	50.5	6.0	6.7
1	150.0	50.5	7.0	6.7
1	150.0	50.5	8.0	6.7
1	150.0	50.5	9.0	6.6
1	150.0	50.5	11.0	6.6
1	150.0	50.5	12.0	6.6
1	150.0	50.5	13.0	6.6
1	150.0	50.5	14.0	6.6
1	150.0	50.5	15.0	6.6
1	150.0	50.5	16.0	6.6
1	150.0	50.5	17.0	6.6
1	150.0	50.5	18.0	6.6
1	150.0	50.5	19.0	6.6
1	150.0	50.5	20.0	6.6
1	150.0	50.5	21.0	6.6
1	150.0	50.5	22.0	6.6
1	150.0	50.5	23.0	6.6
1	150.0	50.5	24.0	6.6
1	150.0	50.5	25.0	6.5
1	150.0	50.5	26.0	6.5
1	150.0	50.5	27.0	6.5
1	150.0	50.5	28.0	6.5
1	150.0	50.5	29.0	6.5
1	150.0	50.5	30.0	6.5
1	150.0	50.5	31.0	6.5
1	150.0	50.5	32.0	6.5
1	150.0	50.5	33.0	6.5
1	150.0	50.5	34.0	6.5
1	150.0	50.5	35.0	6.5
1	150.0	50.5	36.0	6.5
1	150.0	50.5	37.0	6.5
1	150.0	50.5	38.0	6.5
1	150.0	50.5	39.0	6.5
1	150.0	50.5	40.0	6.5
1	150.0	50.5	41.0	6.5
1	150.0	50.5	42.0	6.5
1	150.0	50.5	43.0	6.5
1	150.0	50.5	44.0	6.5
1	150.0	50.5	45.0	6.5
1	150.0	50.5	46.0	6.5
1	150.0	50.5	47.0	6.5
1	150.0	50.5	48.0	6.5
1	150.0	50.5	49.0	6.5
1	150.0	63.5	0.0	7.4
1	150.0	63.5	1.0	7.4
1	150.0	63.5	2.0	7.4
1	150.0	63.5	3.0	7.4
1	150.0	63.5	4.0	7.4
1	150.0	63.5	5.0	7.4
1	150.0	63.5	6.0	7.3
1	150.0	63.5	7.0	7.3
1	150.0	63.5	8.0	7.3
1	150.0	63.5	9.0	7.3
1	150.0	63.5	10.0	7.3
1	150.0	63.5	11.0	7.3
1	150.0	63.5	12.0	7.3
1	150.0	63.5	13.0	7.3
1	150.0	63.5	14.0	7.3
1	150.0	63.5	15.0	7.3
1	150.0	63.5	16.0	7.2
1	150.0	63.5	17.0	7.2
1	150.0	63.5	18.0	7.2
1	150.0	63.5	19.0	7.1
1	150.0	63.5	20.0	7.1
1	150.0	63.5	21.0	7.0
1	150.0	63.5	22.0	7.0
1	150.0	63.5	23.0	7.0
1	150.0	63.5	24.0	6.9
1	150.0	63.5	25.0	6.8
1	150.0	63.5	26.0	6.7
1	150.0	63.5	27.0	6.7
1	150.0	63.5	28.0	6.7
1	150.0	63.5	29.0	6.7
1	150.0	63.5	30.0	6.6
1	150.0	63.5	31.0	6.6
1	150.0	63.5	32.0	6.6
1	150.0	63.5	33.0	6.6
1	150.0	63.5	34.0	6.6
1	150.0	63.5	35.0	6.6
1	150.0	63.5	36.0	6.6
1	150.0	63.5	37.0	6.6
1	150.0	63.5	38.0	6.5
1	150.0	63.5	39.0	6.5
1	150.0	63.5	40.0	6.5
1	150.0	63.5	41.0	6.5
1	150.0	63.5	42.0	6.5
1	150.0	63.5	43.0	6.5
1	150.0	63.5	44.0	6.5
1	150.0	63.5	45.0	6.5
1	150.0	63.5	46.0	6.5
1	150.0	63.5	47.0	6.5
1	150.0	63.5	48.0	6.5
1	150.0	77.5	0.0	11.0
1	150.0	77.5	1.0	10.5
1	150.0	77.5	2.0	9.9
1	150.0	77.5	3.0	9.2
1	150.0	77.5	4.0	9.2
1	150.0	77.5	5.0	9.1
1	150.0	77.5	6.0	9.0
1	150.0	77.5	7.0	9.0
1	150.0	77.5	8.0	9.0
1	150.0	77.5	9.0	8.9
1	150.0	77.5	10.0	8.9
1	150.0	77.5	11.0	8.8
1	150.0	77.5	12.0	8.8
1	150.0	77.5	13.0	8.6
1	150.0	77.5	14.0	8.6
1	150.0	77.5	15.0	8.5
1	150.0	77.5	16.0	8.5
1	150.0	77.5	17.0	8.4
1	150.0	77.5	18.0	7.8
1	150.0	77.5	19.0	7.7
1	150.0	77.5	20.0	7.6
1	150.0	77.5	21.0	7.5
1	150.0	77.5	22.0	7.4
1	150.0	77.5	23.0	7.3
1	150.0	77.5	24.0	7.2
1	150.0	77.5	25.0	7.1
1	150.0	77.5	26.0	7.1
1	150.0	77.5	27.0	7.0
1	150.0	77.5	28.0	7.0
1	150.0	77.5	29.0	6.9
1	150.0	77.5	30.0	6.9
1	150.0	77.5	31.0	6.9
1	150.0	77.5	32.0	6.8
1	150.0	77.5	33.0	6.8
1	150.0	77.5	34.0	6.8
1	150.0	77.5	35.0	6.7
1	150.0	77.5	36.0	6.8
1	150.0	77.5	37.0	6.7
1	150.0	77.5	38.0	6.7
1	150.0	77.5	39.0	6.7
1	150.0	77.5	40.0	6.7
1	150.0	77.5	41.0	6.7
1	150.0	77.5	42.0	6.7
1	150.0	77.5	43.0	6.7
1	150.0	77.5	44.0	6.7
1	150.0	77.5	45.0	6.7
1	150.0	77.5	46.0	6.7
1	150.0	77.5	47.0	6.7
1	150.0	77.5	48.0	6.7
1	150.0	91.5	0.0	12.2
1	150.0	91.5	1.0	12.0
1	150.0	91.5	2.0	11.7
1	150.0	91.5	3.0	11.0
1	150.0	91.5	4.0	10.9
1	150.0	91.5	5.0	10.8
1	150.0	91.5	6.0	10.4
1	150.0	91.5	7.0	10.4
1	150.0	91.5	8.0	10.2
1	150.0	91.5	9.0	10.2
1	150.0	91.5	10.0	10.1
1	150.0	91.5	11.0	10.1
1	150.0	91.5	12.0	10.1
1	150.0	91.5	13.0	10.0
1	150.0	91.5	14.0	10.0
1	150.0	91.5	15.0	9.9
1	150.0	91.5	16.0	9.9
1	150.0	91.5	17.0	9.6
1	150.0	91.5	18.0	9.2
1	150.0	91.5	19.0	9.0
1	150.0	91.5	20.0	8.5
1	150.0	91.5	21.0	8.2
1	150.0	91.5	22.0	8.1
1	150.0	91.5	23.0	7.8
1	150.0	91.5	24.0	7.5
1	150.0	91.5	25.0	7.4
1	150.0	91.5	26.0	7.3
1	150.0	91.5	27.0	7.2
1	150.0	91.5	28.0	7.2
1	150.0	91.5	29.0	7.2
1	150.0	91.5	30.0	7.2
1	150.0	91.5	31.0	7.2
1	150.0	91.5	32.0	7.2
1	150.0	91.5	33.0	7.1
1	150.0	91.5	34.0	7.1
1	150.0	91.5	35.0	7.1
1	150.0	91.5	36.0	7.1
1	150.0	91.5	37.0	7.1
1	150.0	91.5	38.0	7.1
1	150.0	91.5	39.0	7.1
1	150.0	91.5	40.0	7.1
1	150.0	91.5	41.0	7.1
1	150.0	91.5	42.0	7.1
1	150.0	91.5	43.0	7.1
1	150.0	91.5	44.0	7.1
1	150.0	91.5	45.0	7.1
1	150.0	91.5	46.0	7.1
1	150.0	91.5	47.0	7.1
1	150.0	91.5	48.0	7.1
1	150.0	105.5	0.0	14.2
1	150.0	105.5	1.0	14.1
1	150.0	105.5	2.0	13.9
1	150.0	105.5	3.0	13.5
1	150.0	105.5	4.0	13.2
1	150.0	105.5	5.0	13.1
1	150.0	105.5	6.0	13.1
1	150.0	105.5	7.0	13.0
1	150.0	105.5	8.0	13.0
1	150.0	105.5	9.0	12.9
1	150.0	105.5	10.0	12.9
1	150.0	105.5	11.0	12.9
1	150.0	105.5	12.0	12.9
1	150.0	105.5	13.0	12.8
1	150.0	105.5	14.0	12.8
1	150.0	105.5	15.0	12.1
1	150.0	105.5	16.0	10.7
1	150.0	105.5	17.0	9.8
1	150.0	105.5	18.0	9.5
1	150.0	105.5	19.0	9.3
1	150.0	105.5	20.0	8.8
1	150.0	105.5	21.0	8.7
1	150.0	105.5	22.0	8.5
1	150.0	105.5	23.0	8.2
1	150.0	105.5	24.0	8.0
1	150.0	105.5	25.0	7.8
1	150.0	105.5	26.0	7.7
1	150.0	105.5	27.0	7.6
1	150.0	105.5	28.0	7.5
1	150.0	105.5	29.0	7.5
1	150.0	105.5	30.0	7.5
1	150.0	105.5	31.0	7.4
1	150.0	105.5	32.0	7.4
1	150.0	105.5	33.0	7.4
1	150.0	105.5	34.0	7.4
1	150.0	105.5	35.0	7.4
1	150.0	105.5	36.0	7.4
1	150.0	105.5	37.0	7.4
1	150.0	105.5	38.0	7.4
1	150.0	105.5	39.0	7.4
1	150.0	105.5	40.0	7.4
1	150.0	105.5	41.0	7.4
1	150.0	105.5	42.0	7.4
1	150.0	105.5	43.0	7.3
1	150.0	105.5	44.0	7.3
1	150.0	105.5	45.0	7.3
1	150.0	105.5	46.0	7.3
1	150.0	119.5	0.0	19.8
1	150.0	119.5	1.0	18.7
1	150.0	119.5	2.0	17.9
1	150.0	119.5	3.0	17.5
1	150.0	119.5	4.0	17.5
1	150.0	119.5	5.0	17.4
1	150.0	119.5	6.0	17.4
1	150.0	119.5	7.0	17.3
1	150.0	119.5	8.0	17.0
1	150.0	119.5	9.0	13.4
1	150.0	119.5	10.0	13.0
1	150.0	119.5	11.0	12.7
1	150.0	119.5	12.0	12.7
1	150.0	119.5	13.0	12.5
1	150.0	119.5	14.0	12.2
1	150.0	119.5	15.0	11.4
1	150.0	119.5	16.0	10.5
1	150.0	119.5	17.0	10.1
1	150.0	119.5	18.0	9.6
1	150.0	119.5	19.0	9.3
1	150.0	119.5	20.0	9.0
1	150.0	119.5	21.0	8.6
1	150.0	119.5	22.0	8.2
1	150.0	119.5	23.0	8.1
1	150.0	119.5	24.0	8.0
1	150.0	119.5	25.0	7.8
1	150.0	119.5	26.0	7.8
1	150.0	119.5	27.0	7.7
1	150.0	119.5	28.0	7.7
1	150.0	119.5	29.0	7.6
1	150.0	119.5	30.0	7.6
1	150.0	119.5	31.0	7.6
1	150.0	119.5	32.0	7.6
1	150.0	119.5	33.0	7.5
1	150.0	119.5	34.0	7.5
1	150.0	119.5	35.0	7.5
1	150.0	119.5	36.0	7.5
1	150.0	119.5	37.0	7.5
1	150.0	119.5	38.0	7.5
1	150.0	119.5	39.0	7.5
1	150.0	119.5	40.0	7.5
1	150.0	119.5	41.0	7.5
1	150.0	119.5	42.0	7.4
1	150.0	119.5	43.0	7.4
1	150.0	119.5	44.0	7.4
1	150.0	119.5	45.0	7.4
1	150.0	119.5	46.0	7.4
1	150.0	119.5	47.0	7.4
1	150.0	135.5	0.0	20.6
1	150.0	135.5	1.0	20.6
1	150.0	135.5	2.0	20.6
1	150.0	135.5	3.0	20.6
1	150.0	135.5	4.0	20.6
1	150.0	135.5	5.0	20.5
1	150.0	135.5	6.0	19.6
1	150.0	135.5	7.0	16.4
1	150.0	135.5	8.0	15.9
1	150.0	135.5	9.0	14.1
1	150.0	135.5	10.0	13.6
1	150.0	135.5	11.0	13.2
1	150.0	135.5	12.0	12.8
1	150.0	135.5	13.0	12.6
1	150.0	135.5	14.0	12.3
1	150.0	135.5	15.0	11.5
1	150.0	135.5	16.0	10.8
1	150.0	135.5	17.0	10.2
1	150.0	135.5	18.0	9.8
1	150.0	135.5	19.0	9.5
1	150.0	135.5	20.0	9.0
1	150.0	135.5	21.0	8.8
1	150.0	135.5	22.0	8.7
1	150.0	135.5	23.0	8.4
1	150.0	135.5	24.0	8.3
1	150.0	135.5	25.0	8.1
1	150.0	135.5	26.0	8.1
1	150.0	135.5	27.0	7.9
1	150.0	135.5	28.0	7.8
1	150.0	135.5	29.0	7.8
1	150.0	135.5	30.0	7.8
1	150.0	135.5	31.0	7.8
1	150.0	135.5	32.0	7.7
1	150.0	135.5	33.0	7.7
1	150.0	135.5	34.0	7.7
1	150.0	135.5	35.0	7.6
1	150.0	135.5	36.0	7.6
1	150.0	135.5	37.0	7.6
1	150.0	135.5	38.0	7.6
1	150.0	135.5	39.0	7.6
1	150.0	135.5	40.0	7.6
1	150.0	135.5	41.0	7.6
1	150.0	135.5	42.0	7.5
1	150.0	135.5	43.0	7.5
1	150.0	135.5	44.0	7.5
1	150.0	135.5	45.0	7.5
1	150.0	135.5	46.0	7.5
1	150.0	135.5	47.0	7.5
1	150.0	147.5	0.0	27.3
1	150.0	147.5	1.0	26.5
1	150.0	147.5	2.0	25.8
1	150.0	147.5	3.0	24.0
1	150.0	147.5	4.0	23.3
1	150.0	147.5	5.0	22.2
1	150.0	147.5	6.0	20.8
1	150.0	147.5	7.0	19.7
1	150.0	147.5	8.0	18.4
1	150.0	147.5	9.0	17.1
1	150.0	147.5	10.0	15.9
1	150.0	147.5	11.0	14.2
1	150.0	147.5	12.0	13.7
1	150.0	147.5	13.0	13.3
1	150.0	147.5	14.0	13.1
1	150.0	147.5	15.0	12.4
1	150.0	147.5	16.0	12.0
1	150.0	147.5	17.0	11.3
1	150.0	147.5	18.0	10.7
1	150.0	147.5	19.0	9.8
1	150.0	147.5	20.0	9.4
1	150.0	147.5	21.0	9.0
1	150.0	147.5	22.0	8.8
1	150.0	147.5	23.0	8.6
1	150.0	147.5	24.0	8.4
1	150.0	147.5	25.0	8.2
1	150.0	147.5	26.0	8.1
1	150.0	147.5	27.0	8.1
1	150.0	147.5	28.0	8.0
1	150.0	147.5	29.0	7.9
1	150.0	147.5	30.0	7.9
1	150.0	147.5	31.0	7.9
1	150.0	147.5	32.0	7.8
1	150.0	147.5	33.0	7.8
1	150.0	147.5	34.0	7.8
1	150.0	147.5	35.0	7.8
1	150.0	147.5	36.0	7.8
1	150.0	147.5	37.0	7.7
1	150.0	147.5	38.0	7.7
1	150.0	147.5	39.0	7.7
1	150.0	147.5	40.0	7.7
1	150.0	147.5	41.0	7.7
1	150.0	147.5	42.0	7.7
1	150.0	147.5	43.0	7.7
1	150.0	147.5	44.0	7.7
1	150.0	147.5	45.0	7.7
1	150.0	147.5	46.0	7.7
1	150.0	147.5	47.0	7.7
1	150.0	147.5	48.0	7.7
1	150.0	147.5	49.0	7.7
1	150.0	161.5	0.0	27.8
1	150.0	161.5	1.0	27.5
1	150.0	161.5	2.0	27.3
1	150.0	161.5	3.0	27.1
1	150.0	161.5	4.0	26.9
1	150.0	161.5	5.0	26.8
1	150.0	161.5	6.0	25.4
1	150.0	161.5	7.0	24.1
1	150.0	161.5	8.0	20.1
1	150.0	161.5	9.0	18.5
1	150.0	161.5	10.0	16.9
1	150.0	161.5	11.0	15.5
1	150.0	161.5	12.0	14.7
1	150.0	161.5	13.0	13.9
1	150.0	161.5	14.0	13.4
1	150.0	161.5	15.0	12.7
1	150.0	161.5	16.0	12.1
1	150.0	161.5	17.0	11.2
1	150.0	161.5	18.0	10.5
1	150.0	161.5	19.0	10.0
1	150.0	161.5	20.0	9.6
1	150.0	161.5	21.0	9.2
1	150.0	161.5	22.0	8.9
1	150.0	161.5	23.0	8.7
1	150.0	161.5	24.0	8.5
1	150.0	161.5	25.0	8.4
1	150.0	161.5	26.0	8.2
1	150.0	161.5	27.0	8.1
1	150.0	161.5	28.0	8.1
1	150.0	161.5	29.0	8.0
1	150.0	161.5	30.0	8.0
1	150.0	161.5	31.0	7.9
1	150.0	161.5	32.0	7.9
1	150.0	161.5	33.0	7.9
1	150.0	161.5	34.0	7.9
1	150.0	161.5	35.0	7.8
1	150.0	161.5	36.0	7.8
1	150.0	161.5	37.0	7.8
1	150.0	161.5	38.0	7.8
1	150.0	161.5	39.0	7.8
1	150.0	161.5	40.0	7.8
1	150.0	161.5	41.0	7.8
1	150.0	161.5	42.0	7.8
1	150.0	161.5	43.0	7.8
1	150.0	161.5	44.0	7.8
1	150.0	161.5	45.0	7.8
1	150.0	161.5	46.0	7.8
1	150.0	161.5	47.0	7.7
1	150.0	161.5	48.0	7.7
1	150.0	161.5	49.0	7.8
1	150.0	161.5	50.0	7.8
1	150.0	175.5	0.0	29.4
1	150.0	175.5	1.0	28.9
1	150.0	175.5	2.0	28.4
1	150.0	175.5	3.0	28.3
1	150.0	175.5	4.0	28.2
1	150.0	175.5	5.0	28.2
1	150.0	175.5	6.0	28.2
1	150.0	175.5	7.0	25.8
1	150.0	175.5	8.0	23.1
1	150.0	175.5	9.0	19.4
1	150.0	175.5	10.0	18.2
1	150.0	175.5	11.0	16.1
1	150.0	175.5	12.0	15.0
1	150.0	175.5	13.0	14.0
1	150.0	175.5	14.0	13.1
1	150.0	175.5	15.0	12.4
1	150.0	175.5	16.0	12.1
1	150.0	175.5	17.0	11.5
1	150.0	175.5	18.0	10.8
1	150.0	175.5	19.0	10.4
1	150.0	175.5	20.0	9.9
1	150.0	175.5	21.0	9.4
1	150.0	175.5	22.0	9.1
1	150.0	175.5	23.0	8.9
1	150.0	175.5	24.0	8.8
1	150.0	175.5	25.0	8.6
1	150.0	175.5	26.0	8.5
1	150.0	175.5	27.0	8.4
1	150.0	175.5	28.0	8.4
1	150.0	175.5	29.0	8.3
1	150.0	175.5	30.0	8.2
1	150.0	175.5	31.0	8.2
1	150.0	175.5	32.0	8.1
1	150.0	175.5	33.0	8.0
1	150.0	175.5	34.0	8.0
1	150.0	175.5	35.0	8.0
1	150.0	175.5	36.0	8.0
1	150.0	175.5	37.0	7.9
1	150.0	175.5	38.0	7.9
1	150.0	175.5	39.0	7.9
1	150.0	175.5	40.0	7.9
1	150.0	175.5	41.0	7.9
1	150.0	175.5	42.0	7.9
1	150.0	175.5	43.0	7.9
1	150.0	175.5	44.0	7.9
1	150.0	175.5	45.0	7.9
1	150.0	175.5	46.0	7.9
1	150.0	175.5	47.0	7.9
1	150.0	175.5	48.0	7.9
1	150.0	175.5	49.0	7.9
1	150.0	189.5	0.0	33.8
1	150.0	189.5	1.0	33.5
1	150.0	189.5	2.0	33.2
1	150.0	189.5	3.0	32.9
1	150.0	189.5	4.0	32.9
1	150.0	189.5	5.0	32.6
1	150.0	189.5	6.0	28.0
1	150.0	189.5	7.0	23.8
1	150.0	189.5	8.0	21.9
1	150.0	189.5	9.0	19.5
1	150.0	189.5	10.0	17.8
1	150.0	189.5	11.0	16.6
1	150.0	189.5	12.0	15.4
1	150.0	189.5	13.0	14.4
1	150.0	189.5	14.0	13.4
1	150.0	189.5	15.0	12.5
1	150.0	189.5	16.0	12.3
1	150.0	189.5	17.0	11.5
1	150.0	189.5	18.0	11.1
1	150.0	189.5	19.0	10.2
1	150.0	189.5	20.0	9.9
1	150.0	189.5	21.0	9.5
1	150.0	189.5	22.0	9.3
1	150.0	189.5	23.0	9.1
1	150.0	189.5	24.0	8.9
1	150.0	189.5	25.0	8.7
1	150.0	189.5	26.0	8.6
1	150.0	189.5	27.0	8.5
1	150.0	189.5	28.0	8.5
1	150.0	189.5	29.0	8.4
1	150.0	189.5	30.0	8.4
1	150.0	189.5	31.0	8.3
1	150.0	189.5	32.0	8.3
1	150.0	189.5	33.0	8.2
1	150.0	189.5	34.0	8.2
1	150.0	189.5	35.0	8.2
1	150.0	189.5	36.0	8.2
1	150.0	189.5	37.0	8.1
1	150.0	189.5	38.0	8.1
1	150.0	189.5	39.0	8.1
1	150.0	189.5	40.0	8.1
1	150.0	189.5	41.0	8.1
1	150.0	189.5	42.0	8.1
1	150.0	189.5	43.0	8.1
1	150.0	189.5	44.0	8.1
1	150.0	189.5	45.0	8.1
1	150.0	189.5	46.0	8.1
1	150.0	189.5	47.0	8.1
1	150.0	189.5	48.0	8.1
1	150.0	189.5	49.0	8.1
1	150.0	203.5	0.0	31.9
1	150.0	203.5	1.0	31.9
1	150.0	203.5	2.0	31.9
1	150.0	203.5	3.0	31.9
1	150.0	203.5	4.0	31.9
1	150.0	203.5	5.0	31.8
1	150.0	203.5	6.0	29.9
1	150.0	203.5	7.0	25.6
1	150.0	203.5	8.0	22.2
1	150.0	203.5	9.0	18.8
1	150.0	203.5	10.0	17.6
1	150.0	203.5	11.0	15.7
1	150.0	203.5	12.0	15.2
1	150.0	203.5	13.0	14.1
1	150.0	203.5	14.0	13.4
1	150.0	203.5	15.0	13.1
1	150.0	203.5	16.0	12.3
1	150.0	203.5	17.0	11.7
1	150.0	203.5	18.0	10.7
1	150.0	203.5	19.0	10.2
1	150.0	203.5	20.0	9.9
1	150.0	203.5	21.0	9.4
1	150.0	203.5	22.0	9.1
1	150.0	203.5	23.0	9.0
1	150.0	203.5	24.0	8.9
1	150.0	203.5	25.0	8.6
1	150.0	203.5	26.0	8.6
1	150.0	203.5	27.0	8.4
1	150.0	203.5	28.0	8.4
1	150.0	203.5	29.0	8.3
1	150.0	203.5	30.0	8.3
1	150.0	203.5	31.0	8.3
1	150.0	203.5	32.0	8.3
1	150.0	203.5	33.0	8.2
1	150.0	203.5	34.0	8.2
1	150.0	203.5	35.0	8.2
1	150.0	203.5	36.0	8.2
1	150.0	203.5	37.0	8.2
1	150.0	203.5	38.0	8.2
1	150.0	203.5	39.0	8.1
1	150.0	203.5	40.0	8.1
1	150.0	203.5	41.0	8.1
1	150.0	203.5	42.0	8.1
1	150.0	203.5	43.0	8.1
1	150.0	203.5	44.0	8.0
1	150.0	203.5	45.0	8.0
1	150.0	203.5	46.0	8.0
1	150.0	217.5	0.0	30.8
1	150.0	217.5	1.0	30.7
1	150.0	217.5	2.0	30.8
1	150.0	217.5	3.0	30.7
1	150.0	217.5	4.0	30.7
1	150.0	217.5	5.0	30.6
1	150.0	217.5	6.0	30.6
1	150.0	217.5	7.0	27.3
1	150.0	217.5	8.0	24.3
1	150.0	217.5	9.0	20.0
1	150.0	217.5	10.0	17.2
1	150.0	217.5	11.0	16.1
1	150.0	217.5	12.0	15.3
1	150.0	217.5	13.0	13.8
1	150.0	217.5	14.0	13.2
1	150.0	217.5	15.0	12.1
1	150.0	217.5	16.0	11.7
1	150.0	217.5	17.0	11.0
1	150.0	217.5	18.0	10.3
1	150.0	217.5	19.0	9.9
1	150.0	217.5	20.0	9.7
1	150.0	217.5	21.0	9.2
1	150.0	217.5	22.0	9.1
1	150.0	217.5	23.0	8.9
1	150.0	217.5	24.0	8.8
1	150.0	217.5	25.0	8.6
1	150.0	217.5	26.0	8.5
1	150.0	217.5	27.0	8.4
1	150.0	217.5	28.0	8.4
1	150.0	217.5	29.0	8.3
1	150.0	217.5	30.0	8.2
1	150.0	217.5	31.0	8.2
1	150.0	217.5	32.0	8.2
1	150.0	217.5	33.0	8.1
1	150.0	217.5	34.0	8.1
1	150.0	217.5	35.0	8.1
1	150.0	217.5	36.0	8.1
1	150.0	217.5	37.0	8.1
1	150.0	217.5	38.0	8.0
1	150.0	217.5	39.0	8.0
1	150.0	217.5	40.0	8.0
1	150.0	217.5	41.0	8.0
1	150.0	217.5	42.0	8.0
1	150.0	217.5	43.0	8.0
1	150.0	217.5	44.0	8.0
1	150.0	217.5	45.0	8.0
1	150.0	217.5	46.0	8.0
1	150.0	231.5	0.0	31.1
1	150.0	231.5	1.0	31.1
1	150.0	231.5	2.0	31.0
1	150.0	231.5	3.0	30.9
1	150.0	231.5	4.0	30.9
1	150.0	231.5	5.0	30.9
1	150.0	231.5	6.0	30.8
1	150.0	231.5	7.0	30.4
1	150.0	231.5	8.0	24.5
1	150.0	231.5	9.0	21.2
1	150.0	231.5	10.0	18.8
1	150.0	231.5	11.0	16.6
1	150.0	231.5	12.0	15.6
1	150.0	231.5	13.0	13.8
1	150.0	231.5	14.0	13.2
1	150.0	231.5	15.0	12.4
1	150.0	231.5	16.0	12.4
1	150.0	231.5	17.0	11.3
1	150.0	231.5	18.0	10.4
1	150.0	231.5	19.0	9.8
1	150.0	231.5	20.0	9.6
1	150.0	231.5	21.0	9.2
1	150.0	231.5	22.0	9.0
1	150.0	231.5	23.0	8.8
1	150.0	231.5	24.0	8.6
1	150.0	231.5	25.0	8.5
1	150.0	231.5	26.0	8.4
1	150.0	231.5	27.0	8.4
1	150.0	231.5	28.0	8.2
1	150.0	231.5	29.0	8.2
1	150.0	231.5	30.0	8.1
1	150.0	231.5	31.0	8.1
1	150.0	231.5	32.0	8.1
1	150.0	231.5	33.0	8.0
1	150.0	231.5	34.0	8.0
1	150.0	231.5	35.0	8.0
1	150.0	231.5	36.0	8.0
1	150.0	231.5	37.0	8.0
1	150.0	231.5	38.0	8.0
1	150.0	231.5	39.0	7.9
1	150.0	231.5	40.0	7.9
1	150.0	231.5	41.0	7.9
1	150.0	231.5	42.0	7.9
1	150.0	231.5	43.0	7.9
1	150.0	231.5	44.0	7.9
1	150.0	231.5	45.0	7.9
1	150.0	231.5	46.0	7.9
1	150.0	231.5	47.0	7.9
1	150.0	231.5	48.0	7.9
1	150.0	231.5	49.0	7.9
1	150.0	245.5	0.0	29.9
1	150.0	245.5	1.0	29.9
1	150.0	245.5	2.0	29.8
1	150.0	245.5	3.0	29.7
1	150.0	245.5	4.0	29.7
1	150.0	245.5	5.0	29.6
1	150.0	245.5	6.0	29.5
1	150.0	245.5	7.0	29.5
1	150.0	245.5	8.0	28.8
1	150.0	245.5	9.0	22.5
1	150.0	245.5	10.0	18.1
1	150.0	245.5	11.0	17.0
1	150.0	245.5	12.0	15.6
1	150.0	245.5	13.0	14.1
1	150.0	245.5	14.0	13.5
1	150.0	245.5	15.0	12.6
1	150.0	245.5	16.0	11.9
1	150.0	245.5	17.0	11.1
1	150.0	245.5	18.0	10.6
1	150.0	245.5	19.0	10.3
1	150.0	245.5	20.0	9.7
1	150.0	245.5	21.0	9.6
1	150.0	245.5	22.0	9.3
1	150.0	245.5	23.0	9.1
1	150.0	245.5	24.0	9.0
1	150.0	245.5	25.0	8.8
1	150.0	245.5	26.0	8.8
1	150.0	245.5	27.0	8.7
1	150.0	245.5	28.0	8.7
1	150.0	245.5	29.0	8.6
1	150.0	245.5	30.0	8.5
1	150.0	245.5	31.0	8.5
1	150.0	245.5	32.0	8.5
1	150.0	245.5	33.0	8.4
1	150.0	245.5	34.0	8.4
1	150.0	245.5	35.0	8.4
1	150.0	245.5	36.0	8.4
1	150.0	245.5	37.0	8.4
1	150.0	245.5	38.0	8.4
1	150.0	245.5	39.0	8.3
1	150.0	245.5	40.0	8.3
1	150.0	245.5	41.0	8.3
1	150.0	245.5	42.0	8.3
1	150.0	245.5	43.0	8.3
1	150.0	245.5	44.0	8.3
1	150.0	245.5	45.0	8.3
1	150.0	245.5	46.0	8.2
1	150.0	259.5	0.0	30.1
1	150.0	259.5	1.0	30.1
1	150.0	259.5	2.0	30.1
1	150.0	259.5	3.0	30.1
1	150.0	259.5	4.0	29.9
1	150.0	259.5	5.0	29.7
1	150.0	259.5	6.0	29.6
1	150.0	259.5	7.0	29.2
1	150.0	259.5	8.0	28.5
1	150.0	259.5	9.0	23.3
1	150.0	259.5	10.0	17.8
1	150.0	259.5	11.0	16.1
1	150.0	259.5	12.0	15.4
1	150.0	259.5	13.0	14.0
1	150.0	259.5	14.0	13.5
1	150.0	259.5	15.0	12.8
1	150.0	259.5	16.0	11.8
1	150.0	259.5	17.0	11.0
1	150.0	259.5	18.0	10.7
1	150.0	259.5	19.0	10.1
1	150.0	259.5	20.0	9.9
1	150.0	259.5	21.0	9.5
1	150.0	259.5	22.0	9.3
1	150.0	259.5	23.0	9.1
1	150.0	259.5	24.0	9.0
1	150.0	259.5	25.0	8.8
1	150.0	259.5	26.0	8.7
1	150.0	259.5	27.0	8.7
1	150.0	259.5	28.0	8.6
1	150.0	259.5	29.0	8.5
1	150.0	259.5	30.0	8.5
1	150.0	259.5	31.0	8.4
1	150.0	259.5	32.0	8.4
1	150.0	259.5	33.0	8.3
1	150.0	259.5	34.0	8.3
1	150.0	259.5	35.0	8.3
1	150.0	259.5	36.0	8.3
1	150.0	259.5	37.0	8.3
1	150.0	259.5	38.0	8.3
1	150.0	259.5	39.0	8.3
1	150.0	259.5	40.0	8.3
1	150.0	259.5	41.0	8.3
1	150.0	259.5	42.0	8.3
1	150.0	259.5	43.0	8.2
1	150.0	259.5	44.0	8.3
1	150.0	259.5	45.0	8.2
1	150.0	273.5	0.0	24.1
1	150.0	273.5	1.0	23.9
1	150.0	273.5	2.0	23.8
1	150.0	273.5	3.0	23.6
1	150.0	273.5	4.0	23.5
1	150.0	273.5	5.0	23.4
1	150.0	273.5	6.0	23.4
1	150.0	273.5	7.0	23.4
1	150.0	273.5	8.0	23.4
1	150.0	273.5	9.0	23.4
1	150.0	273.5	10.0	23.4
1	150.0	273.5	11.0	18.3
1	150.0	273.5	12.0	16.6
1	150.0	273.5	13.0	15.0
1	150.0	273.5	14.0	14.0
1	150.0	273.5	15.0	13.1
1	150.0	273.5	16.0	12.9
1	150.0	273.5	17.0	11.6
1	150.0	273.5	18.0	11.1
1	150.0	273.5	19.0	10.6
1	150.0	273.5	20.0	10.2
1	150.0	273.5	21.0	9.7
1	150.0	273.5	22.0	9.4
1	150.0	273.5	23.0	9.1
1	150.0	273.5	24.0	9.0
1	150.0	273.5	25.0	8.8
1	150.0	273.5	26.0	8.7
1	150.0	273.5	27.0	8.6
1	150.0	273.5	28.0	8.5
1	150.0	273.5	29.0	8.5
1	150.0	273.5	30.0	8.4
1	150.0	273.5	31.0	8.3
1	150.0	273.5	32.0	8.3
1	150.0	273.5	33.0	8.3
1	150.0	273.5	34.0	8.3
1	150.0	273.5	35.0	8.2
1	150.0	273.5	36.0	8.2
1	150.0	273.5	37.0	8.2
1	150.0	273.5	38.0	8.2
1	150.0	273.5	39.0	8.2
1	150.0	273.5	40.0	8.2
1	150.0	273.5	41.0	8.2
1	150.0	273.5	42.0	8.2
1	150.0	273.5	43.0	8.2
1	150.0	273.5	44.0	8.2
1	150.0	273.5	45.0	8.2
1	150.0	287.5	0.0	22.3
1	150.0	287.5	1.0	22.2
1	150.0	287.5	2.0	22.0
1	150.0	287.5	3.0	21.9
1	150.0	287.5	4.0	21.9
1	150.0	287.5	5.0	21.8
1	150.0	287.5	6.0	21.8
1	150.0	287.5	7.0	21.8
1	150.0	287.5	8.0	21.7
1	150.0	287.5	9.0	21.7
1	150.0	287.5	10.0	21.7
1	150.0	287.5	11.0	19.2
1	150.0	287.5	12.0	16.6
1	150.0	287.5	13.0	14.8
1	150.0	287.5	14.0	13.8
1	150.0	287.5	15.0	12.9
1	150.0	287.5	16.0	12.2
1	150.0	287.5	17.0	11.5
1	150.0	287.5	18.0	11.0
1	150.0	287.5	19.0	10.4
1	150.0	287.5	20.0	10.0
1	150.0	287.5	21.0	9.7
1	150.0	287.5	22.0	9.4
1	150.0	287.5	23.0	9.1
1	150.0	287.5	24.0	9.0
1	150.0	287.5	25.0	8.9
1	150.0	287.5	26.0	8.7
1	150.0	287.5	27.0	8.6
1	150.0	287.5	28.0	8.6
1	150.0	287.5	29.0	8.4
1	150.0	287.5	30.0	8.4
1	150.0	287.5	31.0	8.4
1	150.0	287.5	32.0	8.3
1	150.0	287.5	33.0	8.3
1	150.0	287.5	34.0	8.3
1	150.0	287.5	35.0	8.3
1	150.0	287.5	36.0	8.2
1	150.0	287.5	37.0	8.2
1	150.0	287.5	38.0	8.2
1	150.0	287.5	39.0	8.2
1	150.0	287.5	40.0	8.2
1	150.0	287.5	41.0	8.2
1	150.0	287.5	42.0	8.2
1	150.0	287.5	43.0	8.2
1	150.0	287.5	44.0	8.2
1	150.0	287.5	45.0	8.2
1	150.0	287.5	46.0	8.2
1	150.0	301.5	0.0	19.2
1	150.0	301.5	1.0	19.2
1	150.0	301.5	2.0	19.2
1	150.0	301.5	3.0	19.2
1	150.0	301.5	4.0	19.2
1	150.0	301.5	5.0	19.2
1	150.0	301.5	6.0	19.2
1	150.0	301.5	7.0	19.2
1	150.0	301.5	8.0	19.2
1	150.0	301.5	9.0	19.2
1	150.0	301.5	10.0	19.2
1	150.0	301.5	11.0	19.2
1	150.0	301.5	12.0	19.2
1	150.0	301.5	13.0	19.2
1	150.0	301.5	14.0	16.8
1	150.0	301.5	15.0	14.6
1	150.0	301.5	16.0	14.5
1	150.0	301.5	17.0	12.6
1	150.0	301.5	18.0	11.5
1	150.0	301.5	19.0	11.2
1	150.0	301.5	20.0	10.7
1	150.0	301.5	21.0	9.9
1	150.0	301.5	22.0	9.6
1	150.0	301.5	23.0	9.5
1	150.0	301.5	24.0	9.4
1	150.0	301.5	25.0	9.1
1	150.0	301.5	26.0	9.0
1	150.0	301.5	27.0	8.7
1	150.0	301.5	28.0	8.6
1	150.0	301.5	29.0	8.5
1	150.0	301.5	30.0	8.5
1	150.0	301.5	31.0	8.5
1	150.0	301.5	32.0	8.4
1	150.0	301.5	33.0	8.4
1	150.0	301.5	34.0	8.4
1	150.0	301.5	35.0	8.3
1	150.0	301.5	36.0	8.3
1	150.0	301.5	37.0	8.3
1	150.0	301.5	38.0	8.3
1	150.0	301.5	39.0	8.3
1	150.0	301.5	40.0	8.3
1	150.0	301.5	41.0	8.3
1	150.0	301.5	42.0	8.3
1	150.0	301.5	43.0	8.3
1	150.0	301.5	44.0	8.3
1	150.0	315.5	0.0	18.6
1	150.0	315.5	1.0	18.6
1	150.0	315.5	2.0	18.5
1	150.0	315.5	3.0	18.3
1	150.0	315.5	4.0	18.3
1	150.0	315.5	5.0	18.3
1	150.0	315.5	6.0	18.2
1	150.0	315.5	7.0	18.1
1	150.0	315.5	8.0	18.1
1	150.0	315.5	9.0	18.0
1	150.0	315.5	10.0	18.0
1	150.0	315.5	11.0	17.9
1	150.0	315.5	12.0	17.8
1	150.0	315.5	13.0	16.3
1	150.0	315.5	14.0	14.4
1	150.0	315.5	15.0	13.1
1	150.0	315.5	16.0	12.3
1	150.0	315.5	17.0	11.8
1	150.0	315.5	18.0	11.1
1	150.0	315.5	19.0	10.6
1	150.0	315.5	20.0	10.3
1	150.0	315.5	21.0	9.9
1	150.0	315.5	22.0	9.5
1	150.0	315.5	23.0	9.3
1	150.0	315.5	24.0	9.1
1	150.0	315.5	25.0	9.0
1	150.0	315.5	26.0	9.0
1	150.0	315.5	27.0	8.9
1	150.0	315.5	28.0	8.7
1	150.0	315.5	29.0	8.7
1	150.0	315.5	30.0	8.6
1	150.0	315.5	31.0	8.6
1	150.0	315.5	32.0	8.5
1	150.0	315.5	33.0	8.5
1	150.0	315.5	34.0	8.5
1	150.0	315.5	35.0	8.4
1	150.0	315.5	36.0	8.4
1	150.0	315.5	37.0	8.4
1	150.0	315.5	38.0	8.4
1	150.0	315.5	39.0	8.4
1	150.0	315.5	40.0	8.4
1	150.0	315.5	41.0	8.4
1	150.0	315.5	42.0	8.4
1	150.0	315.5	43.0	8.4
1	150.0	315.5	44.0	8.3
1	150.0	315.5	45.0	8.4
1	150.0	315.5	46.0	8.4
1	150.0	315.5	47.0	8.4
1	150.0	329.5	0.0	14.4
1	150.0	329.5	1.0	14.4
1	150.0	329.5	2.0	14.4
1	150.0	329.5	3.0	14.4
1	150.0	329.5	4.0	14.4
1	150.0	329.5	5.0	14.4
1	150.0	329.5	6.0	14.4
1	150.0	329.5	7.0	14.4
1	150.0	329.5	8.0	14.4
1	150.0	329.5	9.0	14.4
1	150.0	329.5	10.0	14.4
1	150.0	329.5	11.0	14.4
1	150.0	329.5	12.0	14.4
1	150.0	329.5	13.0	14.4
1	150.0	329.5	14.0	14.4
1	150.0	329.5	15.0	14.4
1	150.0	329.5	16.0	14.4
1	150.0	329.5	17.0	14.3
1	150.0	329.5	18.0	12.2
1	150.0	329.5	19.0	11.0
1	150.0	329.5	20.0	10.7
1	150.0	329.5	21.0	10.3
1	150.0	329.5	22.0	10.1
1	150.0	329.5	23.0	9.7
1	150.0	329.5	24.0	9.5
1	150.0	329.5	25.0	9.1
1	150.0	329.5	26.0	9.1
1	150.0	329.5	27.0	8.9
1	150.0	329.5	28.0	8.8
1	150.0	329.5	29.0	8.6
1	150.0	329.5	30.0	8.6
1	150.0	329.5	31.0	8.6
1	150.0	329.5	32.0	8.5
1	150.0	329.5	33.0	8.4
1	150.0	329.5	34.0	8.4
1	150.0	329.5	35.0	8.3
1	150.0	329.5	36.0	8.3
1	150.0	329.5	37.0	8.3
1	150.0	329.5	38.0	8.3
1	150.0	329.5	39.0	8.3
1	150.0	329.5	40.0	8.3
1	150.0	329.5	41.0	8.3
1	150.0	329.5	42.0	8.3
1	150.0	329.5	43.0	8.2
1	150.0	329.5	44.0	8.3
1	150.0	329.5	45.0	8.3
1	150.0	329.5	46.0	8.3
1	150.0	329.5	47.0	8.3
1	150.0	329.5	48.0	8.3
1	150.0	343.5	0.0	13.1
1	150.0	343.5	1.0	13.1
1	150.0	343.5	2.0	13.1
1	150.0	343.5	3.0	13.1
1	150.0	343.5	4.0	13.1
1	150.0	343.5	5.0	13.1
1	150.0	343.5	6.0	13.1
1	150.0	343.5	7.0	13.1
1	150.0	343.5	8.0	13.1
1	150.0	343.5	9.0	13.1
1	150.0	343.5	10.0	13.1
1	150.0	343.5	11.0	13.1
1	150.0	343.5	12.0	13.0
1	150.0	343.5	13.0	12.9
1	150.0	343.5	14.0	12.9
1	150.0	343.5	15.0	12.9
1	150.0	343.5	16.0	12.7
1	150.0	343.5	17.0	12.7
1	150.0	343.5	18.0	12.7
1	150.0	343.5	19.0	11.7
1	150.0	343.5	20.0	10.5
1	150.0	343.5	21.0	10.2
1	150.0	343.5	22.0	9.7
1	150.0	343.5	23.0	9.6
1	150.0	343.5	24.0	9.3
1	150.0	343.5	25.0	9.1
1	150.0	343.5	26.0	9.0
1	150.0	343.5	27.0	8.9
1	150.0	343.5	28.0	8.8
1	150.0	343.5	29.0	8.7
1	150.0	343.5	30.0	8.6
1	150.0	343.5	31.0	8.4
1	150.0	343.5	32.0	8.4
1	150.0	343.5	33.0	8.4
1	150.0	343.5	34.0	8.4
1	150.0	343.5	35.0	8.4
1	150.0	343.5	36.0	8.4
1	150.0	343.5	37.0	8.3
1	150.0	343.5	38.0	8.4
1	150.0	343.5	39.0	8.3
1	150.0	343.5	40.0	8.3
1	150.0	343.5	41.0	8.3
1	150.0	343.5	42.0	8.3
1	150.0	343.5	43.0	8.3
1	150.0	343.5	44.0	8.3
1	150.0	343.5	45.0	8.3
1	150.0	343.5	46.0	8.3
1	150.0	343.5	47.0	8.3
1	150.0	357.5	0.0	10.7
1	150.0	357.5	1.0	10.8
1	150.0	357.5	2.0	10.8
1	150.0	357.5	3.0	10.8
1	150.0	357.5	4.0	10.8
1	150.0	357.5	5.0	10.7
1	150.0	357.5	6.0	10.7
1	150.0	357.5	7.0	10.7
1	150.0	357.5	8.0	10.7
1	150.0	357.5	9.0	10.7
1	150.0	357.5	10.0	10.7
1	150.0	357.5	11.0	10.7
1	150.0	357.5	12.0	10.7
1	150.0	357.5	13.0	10.7
1	150.0	357.5	14.0	10.7
1	150.0	357.5	15.0	10.7
1	150.0	357.5	16.0	10.7
1	150.0	357.5	17.0	10.7
1	150.0	357.5	18.0	10.7
1	150.0	357.5	19.0	10.7
1	150.0	357.5	20.0	10.7
1	150.0	357.5	21.0	10.6
1	150.0	357.5	22.0	9.7
1	150.0	357.5	23.0	9.4
1	150.0	357.5	24.0	9.2
1	150.0	357.5	25.0	9.1
1	150.0	357.5	26.0	9.0
1	150.0	357.5	27.0	8.9
1	150.0	357.5	28.0	8.8
1	150.0	357.5	29.0	8.7
1	150.0	357.5	30.0	8.7
1	150.0	357.5	31.0	8.6
1	150.0	357.5	32.0	8.5
1	150.0	357.5	33.0	8.5
1	150.0	357.5	34.0	8.5
1	150.0	357.5	35.0	8.4
1	150.0	357.5	36.0	8.4
1	150.0	357.5	37.0	8.4
1	150.0	357.5	38.0	8.4
1	150.0	357.5	39.0	8.4
1	150.0	357.5	40.0	8.4
1	150.0	357.5	41.0	8.3
1	150.0	357.5	42.0	8.3
1	150.0	357.5	43.0	8.3
1	150.0	357.5	44.0	8.3
1	150.0	357.5	45.0	8.3
1	150.0	357.5	46.0	8.3
1	150.0	357.5	47.0	8.3
1	150.0	357.5	48.0	8.3
1	150.0	357.5	49.0	8.3
